10 15 15

19 38 71 82 25 97 98 33 67 5 18 4 92 18 29 
47 93 48 19 39 44 66 75 81 92 32 66 60 55 8 
65 66 44 70 41 91 43 30 12 4 11 86 44 71 9 
95 36 57 70 96 59 90 65 61 66 17 15 76 11 44 
40 40 31 6 30 15 98 23 12 43 24 67 48 68 13 
14 19 2 61 34 43 71 83 92 17 82 8 19 72 92 
95 60 50 41 83 48 8 29 27 34 39 84 14 47 22 
99 55 30 13 18 28 10 91 42 14 40 90 90 53 86 
64 78 4 58 12 0 80 58 54 19 95 13 30 42 68 
7 85 40 49 80 65 87 78 73 4 98 21 62 67 17 

7 28 10 18 8 55 54 26 67 44 94 12 25 17 27 
83 70 41 41 76 79 20 32 80 73 92 91 79 43 35 
54 46 57 87 96 12 37 66 57 77 5 35 42 17 77 
42 66 26 40 65 14 7 68 61 62 66 91 41 97 57 
28 15 96 23 68 51 79 5 60 72 87 19 22 73 41 
41 47 52 16 80 40 15 65 4 97 35 38 89 31 36 
77 19 2 33 48 23 75 11 97 24 77 61 3 28 25 
41 81 96 8 74 53 70 0 59 17 99 78 39 64 66 
74 51 20 24 94 45 6 32 69 87 45 19 47 37 77 
78 86 61 75 60 66 13 20 88 74 38 73 86 33 84 
3 44 55 9 58 63 60 79 14 17 63 52 88 88 44 
83 48 13 66 68 30 89 59 85 97 78 85 25 89 18 
45 57 85 49 12 27 34 58 73 4 20 28 68 31 70 
81 1 61 28 27 9 38 74 89 4 25 94 67 22 69 
25 62 13 18 9 2 43 57 27 54 93 35 19 23 51 